20 30
-0.134330 -0.062664 -0.093454 -0.079171 -0.060135 -0.062690 -0.011633 -0.001429 0.000826 -0.004338 -0.000727 0.049145 -0.021842 -0.022057 -0.041652 -0.019029 -0.026494 -0.056852 -0.041654 -0.024710 -0.010576 -0.034117 -0.086920 -0.066565 0.019033 0.038982 0.003309 0.025017 0.042068 0.041392
-0.090707 -0.043363 -0.073733 -0.062653 -0.047420 -0.037054 0.013769 0.031189 0.013429 0.018166 0.013121 0.040984 -0.022720 -0.017254 -0.036497 -0.023231 -0.050227 -0.085302 -0.078163 -0.056065 -0.060846 -0.072902 -0.107830 -0.092008 -0.010971 0.006501 -0.018955 0.007469 0.018999 0.016419
-0.104547 -0.046180 -0.078929 -0.072070 -0.060533 -0.044056 0.001289 0.006607 -0.005612 0.004904 0.021311 0.041889 -0.020506 -0.020130 -0.035826 -0.010285 -0.043673 -0.068517 -0.056260 -0.029115 -0.020824 -0.040146 -0.078520 -0.065890 0.017551 0.038291 0.006518 0.038152 0.049353 0.052588
-0.076483 -0.024728 -0.045641 -0.039880 -0.022927 -0.016584 0.023813 0.016847 0.009304 0.021694 0.030248 0.050163 -0.005636 -0.017246 -0.033491 -0.010110 -0.039348 -0.052204 -0.035434 -0.005522 -0.002185 -0.022600 -0.058725 -0.058474 0.011377 0.029764 -0.009911 0.023196 0.021996 0.019778
-0.058738 -0.011874 -0.030082 -0.020470 -0.013611 -0.008783 0.028433 0.024921 0.015302 0.030298 0.043492 0.053159 0.008247 0.002989 -0.012456 0.011829 -0.008683 -0.020681 -0.012222 0.007605 0.015385 0.004930 -0.019410 -0.034402 0.026504 0.040501 0.009973 0.034487 0.022247 0.032702
-0.049391 -0.001621 -0.013776 -0.002727 0.001469 0.011229 0.032353 0.021012 0.017202 0.032083 0.055954 0.074673 0.027584 0.022977 0.007057 0.022125 -0.009930 -0.017443 -0.017152 -0.002036 0.001983 -0.010578 -0.028415 -0.037669 0.017338 0.028018 0.008356 0.039872 0.033052 0.059551
0.014834 0.056745 0.035864 0.050421 0.057494 0.070599 0.088255 0.068182 0.050290 0.064135 0.092001 0.097979 0.047899 0.045204 0.030048 0.030162 -0.023580 -0.021205 -0.012074 0.000591 -0.014976 -0.034884 -0.051309 -0.051655 0.001827 0.001994 -0.011385 0.035880 0.010874 0.023137
0.035882 0.063949 0.050120 0.064799 0.070969 0.079551 0.084118 0.069565 0.056824 0.076556 0.092378 0.090973 0.050569 0.049368 0.028740 0.022765 -0.011379 -0.003105 -0.006704 0.001340 -0.010778 -0.029944 -0.041808 -0.037294 -0.007219 -0.003473 -0.010613 0.014338 -0.012497 0.015894
0.022438 0.036484 0.032742 0.056860 0.054200 0.069632 0.078084 0.067110 0.064817 0.093586 0.102344 0.099344 0.077121 0.078533 0.057802 0.048009 0.010389 0.021630 0.003582 -0.004580 -0.034881 -0.048518 -0.059318 -0.068425 -0.044489 -0.051115 -0.048187 -0.030477 -0.072845 -0.030014
0.047628 0.053790 0.052980 0.073463 0.072901 0.081590 0.077478 0.062862 0.057791 0.100973 0.115126 0.102284 0.092879 0.084809 0.056850 0.043243 0.008851 0.025916 -0.009507 -0.012360 -0.053044 -0.069182 -0.085671 -0.104097 -0.079755 -0.080709 -0.080584 -0.064428 -0.101412 -0.042964
0.041752 0.031758 0.027081 0.037036 0.045154 0.054966 0.055033 0.048190 0.043449 0.088030 0.107840 0.084194 0.082876 0.076752 0.061565 0.032288 0.012557 0.029093 -0.016176 -0.038272 -0.090704 -0.110542 -0.115718 -0.135053 -0.107201 -0.112882 -0.102777 -0.107631 -0.150767 -0.098576
0.066190 0.032041 0.018493 0.043172 0.042328 0.050551 0.046964 0.040347 0.024361 0.065619 0.103583 0.074350 0.091962 0.095550 0.076722 0.046089 0.036929 0.047956 0.000802 -0.004041 -0.048167 -0.065109 -0.056731 -0.072976 -0.059666 -0.068982 -0.043066 -0.052452 -0.094556 -0.046876
0.063427 0.044373 0.021361 0.040755 0.044654 0.039314 0.038185 0.023136 0.021810 0.054281 0.097019 0.067542 0.087308 0.098072 0.088712 0.056592 0.069781 0.084319 0.046697 0.029261 -0.010631 -0.026264 -0.027584 -0.042569 -0.041389 -0.054822 -0.030516 -0.050705 -0.088788 -0.052914
0.081113 0.056435 0.041580 0.054785 0.068825 0.055880 0.057010 0.042144 0.054222 0.070555 0.088160 0.060333 0.080246 0.084559 0.084025 0.028462 0.050242 0.062896 0.021872 -0.010500 -0.048339 -0.046610 -0.028499 -0.034601 -0.031328 -0.049916 -0.009239 -0.031144 -0.063399 -0.025459
0.029457 0.002822 -0.007466 0.005376 0.014273 0.015229 0.026349 0.030575 0.032579 0.055778 0.092866 0.062888 0.091317 0.098732 0.106125 0.051375 0.069343 0.065457 0.023363 -0.016223 -0.052480 -0.049770 -0.038040 -0.039657 -0.026519 -0.048114 0.002973 -0.024460 -0.039769 -0.009339
0.022307 -0.007277 -0.019207 -0.009510 0.008677 0.010609 0.021982 0.023873 0.028909 0.050582 0.085883 0.061165 0.087130 0.090095 0.099052 0.035584 0.049547 0.045701 0.006030 -0.030420 -0.075080 -0.080017 -0.075286 -0.061847 -0.045436 -0.066639 -0.015622 -0.040516 -0.046197 -0.025175
0.019887 -0.019298 -0.037928 -0.029977 -0.007277 -0.011695 0.016475 0.028534 0.028097 0.050655 0.075362 0.035760 0.072261 0.075343 0.087592 0.025640 0.057541 0.049119 0.014083 -0.022862 -0.068751 -0.070502 -0.070489 -0.060904 -0.042226 -0.063287 -0.016490 -0.055431 -0.067007 -0.064421
-0.021277 -0.075042 -0.077075 -0.067370 -0.041836 -0.045630 -0.009037 -0.001354 0.012759 0.036253 0.056450 0.010171 0.058425 0.062900 0.074716 0.014793 0.061329 0.045597 0.011288 -0.032182 -0.063338 -0.056002 -0.053692 -0.051065 -0.049490 -0.068464 -0.023718 -0.080222 -0.085559 -0.080774
-0.044365 -0.087559 -0.089450 -0.092950 -0.068838 -0.061623 -0.019112 0.001892 0.005834 0.024091 0.057246 0.009458 0.054038 0.051469 0.071227 0.015906 0.046602 0.021069 -0.012129 -0.052487 -0.097828 -0.086010 -0.089387 -0.093496 -0.071611 -0.088409 -0.047083 -0.096490 -0.089476 -0.105807
-0.058154 -0.090364 -0.104752 -0.118966 -0.076507 -0.068142 -0.021363 -0.005089 -0.000579 0.003684 0.054410 -0.019982 0.020943 0.017664 0.043413 -0.024917 -0.004333 -0.027355 -0.048386 -0.073380 -0.108635 -0.088505 -0.066349 -0.060521 -0.036941 -0.045691 -0.001211 -0.031604 -0.003269 -0.029640
